9840811
9814477
9814449
9814474
9838886
9882911
9882937
9834079
9834099
9908878
9864638
9864656
9864661
9864659
9864631
9864671
9864667
9864669
9864666
9882921
9833627
9834059
9882955
9834037
9882954
9882931
9868542
9868513
9868563
9868536
9868526
9868530
9908923
9840809
9907906
9868108
9868125
9868224
9868192
9864673
9868337
9868313
9868325
9868287
9883203
9883206
9883191
9883177
9883185
9883184
9883188
9882959
9883179
9883180
9883187
9883186
9883190
9883189
9882952
9883181
9883183
9883176
9883182
9883178
9838980
9838991
9883288
9882940
9883305
9882973
9883306
9883307
9883308
9883381
9883382
9883309
9883310
9883311
9883312
9883313
9883314
9883315
9882930
9883331
9882950
9883332
9883333
9883334
9883335
9883336
9864158
9863864
9883284
9883285
9883287
9882914
9864164
9883299
9883297
9883298
9883111
9883112
9883113
9883433
9883413
9883414
9883415
9883416
9883417
9883418
9883419
9883420
9883421
9883422
9825330
9883383
9883384
9883385
9883386
9883387
9883388
9883389
9883390
9883391
9883392
9883434
9883435
9883436
9883437
9883438
9883439
9883440
9883441
9883442
9825230
9832758
9825554
9833055
9902650
9902632
9902637
9902638
9902639
9902642
9902643
9902645
9902647
9902648
9832929
9883423
9883424
9883425
9883426
9883427
9883428
9883429
9883430
9883431
9883432
9883403
9883404
9883405
9883406
9883407
9883408
9883409
9883410
9883411
9883412
9825131
9883393
9883394
9883395
9883396
9883397
9883398
9883399
9883400
9883401
9883402
9882984
9883114
9883115
9839098
9839108
9839125
9839119
9839133
9840733
9839141
9839129
9839149
9839145
9839155
9902156
9839160
9902048
9902076
9902110
9902114
9902122
9902131
9902139
9902141
9902147
9818958
9825110
9825060
9824917
9863892
9864147
9864120
9864133
9882936
9864163
9864003
9840812
9882939
9882943
9882962
9883322
9883323
9883324
9883325
9839209
9902327
9902269
9902285
9902290
9902298
9902304
9902311
9902315
9902318
9902322
9839198
9882913
9882958
9882908
9883326
9883327
9883328
9883329
9883330
9883347
9883337
9883338
9883339
9883340
9883341
9883342
9883343
9883344
9883345
9883346
9883321
9883316
9883317
9882953
9883318
9883319
9883320
9864154
9883292
9883293
9864144
